618848580 2825676152 2187399371 1924386329 818554915 
767324942 2138314199 1970088420 1706968932 375153976 
4235080395 1951835455 16830508 2933596990 1449336511 
1872790803 2148702830 2198562730 695389197 1639665800 
2696067700 1660842820 1411478094 593086985 1575257098 
1476614422 4084172122 1969944638 4108881187 2980931176 
1667873355 1847598864 3829312361 4224480196 1097336186 
1710015655 3886608996 57746418 1785240960 1870572654 
4247238509 3605816827 4202165557 1875434765 1627164786 
3234884393 1344521395 888838764 2426949934 1340941061 
134937939 1183214262 1223364719 1347711575 4280538797 
1931284818 2244419951 3495390504 1382401179 598709483 
2239568242 478504386 1583447094 1936537704 3297693295 
3232788141 3224171478 600474611 12276833 2330619058 
1433165334 594819317 889520500 2273470684 979710412 
593452568 2712430707 51081329 3428918036 1673148739 
3241369957 2371122172 2820876101 183914144 1364852329 
4033900102 2871227385 1959158424 1310758760 967797079 
4067654921 588806868 4140351085 3080873336 3665033357 
1931533117 3319024225 4112148275 23452383 592186364 
2030260065 3257430608 1113937816 592498042 257434482 
689792473 3144738449 1813719136 3272759905 2005558038 
3378854882 1692295318 313772323 994080657 157895397 
1947007559 3153823336 1079059218 1477069362 1750318043 
3102598753 2483844002 3563630244 1957144827 1221098593 
2214881163 3631426642 775358351 3893305123 2617790038 
40876438 594828226 1417798761 2854970571 795183624 
1628466171 2317295139 3149752563 2087654530 2013019109 
3324798243 474903576 1198001181 1634209895 2234026868 
1521558466 728262449 1640394667 2262017904 1106669755 
107305305 1858477339 3274640741 3748553739 4130232684