425587284 1338273562 3407874170 1958444769 91495784 
224486853 4246747519 1717912480 2142721385 1205498514 
1785979106 1958297214 826358560 1969057928 1533361208 
1912930718 74493555 1347776492 1517211479 550919781 
568512884 3513872193 790649427 1694000505 4050781285 
849240909 3832733313 2037999295 490727792 3943134230 
3240139895 1957098588 2393137256 3038472671 1349719049 
537714612 1816169069 2307286319 1500710989 1937258605 
586074465 2687854538 3865410199 989220971 1489878282 
1951814837 1063823740 1708439764 4147660658 3176424758 
3995080402 1772044557 667847027 1960779984 3126953133 
539229370 1399513704 3537987914 2942628451 1685011137 
573306469 1367895719 337683336 1708035399 2137891704 
2822927406 1920079601 1640940720 2446068768 3535496035 
2473725364 1698427554 3274150244 132213003 2138343461 
539256321 3164198000 3235933995 2154416858 1859433460 
1719776628 3072663561 510218919 1859758557 3933951264 
3814552616 594076577 1694521700 2992837920 2138402127 
2539748382 1951732844 1700304744 60498050 3278135218 
1697016603 3988175728 674980102 829557811 1946169301 
1931125613 3892471136 2842576564 1957720384 1616949038 
2078149205 894897293 1631814209 1571258473 1509651690 
505454672 1963324412 1397487470 1036416101 3949560789 
1820628695 1810445856 552367178 1751676462 1703770743 
224238880 962290269 2607119026 1630335680 3838234226 
54403237 3479818229 1940950488 3632310560 906258278 
2372925645 1856249379 304631653 3411684390 2636166222 
1960228168 4204470632 4213990824 158205389 542352169 
1006027116 1084649458 409939168 1801943534 3163950880 
1362649674 1449503067 1855981818 2820156773 697065780 
2322874196 1758159347 1717140000 9529461 3177835807 
1945490877 2708838944 1332962322 962983249 1852503422 1087073070